255 255 255 255 255 255 255 215 215 255 255 255 255 255 255 255
255 255 255 255 255 255 255  96  96 255 255 255 255 255 255 255
255 255 255 255 255 255 199   0   0 200 255 255 255 255 255 255
255 255 255 255 255 255  32   0   0  32 255 255 255 255 255 255
255 255 255 255 255 223   0   0   0   0 223 255 255 255 255 255
255 255 255 255 255  56   0   0   0   0  56 255 255 255 255 255
255 255 255 255 161   0   0   0   0   0   0 225 255 255 255 255
255 255 255 255  40   0   0   0   0   0   0  40 255 255 255 255
255 255 255 215   0   0   0   0   0   0   0   0 215 255 255 255
255 255 255  95   0   0   0   0   0   0   0   0  96 255 255 255
255 255 199   0   0   0   0   0   0   0   0   0   0 199 255 255
255 255  32   0   0   0   0   0   0   0   0   0   0  32 255 255
255 223   0   0   0   0   0   0   0   0   0   0   0   0 223 255
255  56   0   0   0   0   0   0   0   0   0   0   0   0  56 255
159   0   0   0   0   0   0   0   0   0   0   0   0   0   0 163
 40   0   0   0   0   0   0   0   0   0   0   0   0   0   0  40
255 255 255 255 255 255 255 215 215 255 255 255 255 255 255 255
255 255 255 255 255 255 255  96  96 255 255 255 255 255 255 255
255 255 255 255 255 255 199   0   0 200 255 255 255 255 255 255
255 255 255 255 255 255  32   0   0  32 255 255 255 255 255 255
255 255 255 255 255 223   0   0   0   0 223 255 255 255 255 255
255 255 255 255 255  56   0   0   0   0  56 255 255 255 255 255
255 255 255 255 161   0   0   0   0   0   0 225 255 255 255 255
255 255 255 255  40   0   0   0   0   0   0  40 255 255 255 255
255 255 255 215   0   0   0   0   0   0   0   0 215 255 255 255
255 255 255  95   0   0   0   0   0   0   0   0  96 255 255 255
255 255 199   0   0   0   0   0   0   0   0   0   0 199 255 255
255 255  32   0   0   0   0   0   0   0   0   0   0  32 255 255
255 223   0   0   0   0   0   0   0   0   0   0   0   0 223 255
255  56   0   0   0   0   0   0   0   0   0   0   0   0  56 255
159   0   0   0   0   0   0   0   0   0   0   0   0   0   0 163
 40   0   0   0   0   0   0   0   0   0   0   0   0   0   0  40
255 255 255 255 255 255 255 215 215 255 255 255 255 255 255 255
255 255 255 255 255 255 255  96  96 255 255 255 255 255 255 255
255 255 255 255 255 255 199   0   0 200 255 255 255 255 255 255
255 255 255 255 255 255  32   0   0  32 255 255 255 255 255 255
255 255 255 255 255 223   0   0   0   0 223 255 255 255 255 255
255 255 255 255 255  56   0   0   0   0  56 255 255 255 255 255
255 255 255 255 161   0   0   0   0   0   0 225 255 255 255 255
255 255 255 255  40   0   0   0   0   0   0  40 255 255 255 255
255 255 255 215   0   0   0   0   0   0   0   0 215 255 255 255
255 255 255  95   0   0   0   0   0   0   0   0  96 255 255 255
255 255 199   0   0   0   0   0   0   0   0   0   0 199 255 255
255 255  32   0   0   0   0   0   0   0   0   0   0  32 255 255
255 223   0   0   0   0   0   0   0   0   0   0   0   0 223 255
255  56   0   0   0   0   0   0   0   0   0   0   0   0  56 255
159   0   0   0   0   0   0   0   0   0   0   0   0   0   0 163
 40   0   0   0   0   0   0   0   0   0   0   0   0   0   0  40

255 255 255 255 255 255 255 255 255 255 255 255 255 255 163  40
255 255 255 255 255 255 255 255 255 255 255 255 223  56   0   0
255 255 255 255 255 255 255 255 255 255 199  32   0   0   0   0
255 255 255 255 255 255 255 255 215  96   0   0   0   0   0   0
255 255 255 255 255 255 225  40   0   0   0   0   0   0   0   0
255 255 255 255 223  56   0   0   0   0   0   0   0   0   0   0
255 255 200  32   0   0   0   0   0   0   0   0   0   0   0   0
215  96   0   0   0   0   0   0   0   0   0   0   0   0   0   0
215  96   0   0   0   0   0   0   0   0   0   0   0   0   0   0
255 255 199  32   0   0   0   0   0   0   0   0   0   0   0   0
255 255 255 255 223  56   0   0   0   0   0   0   0   0   0   0
255 255 255 255 255 255 161  40   0   0   0   0   0   0   0   0
255 255 255 255 255 255 255 255 215  95   0   0   0   0   0   0
255 255 255 255 255 255 255 255 255 255 199  32   0   0   0   0
255 255 255 255 255 255 255 255 255 255 255 255 223  56   0   0
255 255 255 255 255 255 255 255 255 255 255 255 255 255 159  40
255 255 255 255 255 255 255 255 255 255 255 255 255 255 163  40
255 255 255 255 255 255 255 255 255 255 255 255 223  56   0   0
255 255 255 255 255 255 255 255 255 255 199  32   0   0   0   0
255 255 255 255 255 255 255 255 215  96   0   0   0   0   0   0
255 255 255 255 255 255 225  40   0   0   0   0   0   0   0   0
255 255 255 255 223  56   0   0   0   0   0   0   0   0   0   0
255 255 200  32   0   0   0   0   0   0   0   0   0   0   0   0
215  96   0   0   0   0   0   0   0   0   0   0   0   0   0   0
215  96   0   0   0   0   0   0   0   0   0   0   0   0   0   0
255 255 199  32   0   0   0   0   0   0   0   0   0   0   0   0
255 255 255 255 223  56   0   0   0   0   0   0   0   0   0   0
255 255 255 255 255 255 161  40   0   0   0   0   0   0   0   0
255 255 255 255 255 255 255 255 215  95   0   0   0   0   0   0
255 255 255 255 255 255 255 255 255 255 199  32   0   0   0   0
255 255 255 255 255 255 255 255 255 255 255 255 223  56   0   0
255 255 255 255 255 255 255 255 255 255 255 255 255 255 159  40
255 255 255 255 255 255 255 255 255 255 255 255 255 255 163  40
255 255 255 255 255 255 255 255 255 255 255 255 223  56   0   0
255 255 255 255 255 255 255 255 255 255 199  32   0   0   0   0
255 255 255 255 255 255 255 255 215  96   0   0   0   0   0   0
255 255 255 255 255 255 225  40   0   0   0   0   0   0   0   0
255 255 255 255 223  56   0   0   0   0   0   0   0   0   0   0
255 255 200  32   0   0   0   0   0   0   0   0   0   0   0   0
215  96   0   0   0   0   0   0   0   0   0   0   0   0   0   0
215  96   0   0   0   0   0   0   0   0   0   0   0   0   0   0
255 255 199  32   0   0   0   0   0   0   0   0   0   0   0   0
255 255 255 255 223  56   0   0   0   0   0   0   0   0   0   0
255 255 255 255 255 255 161  40   0   0   0   0   0   0   0   0
255 255 255 255 255 255 255 255 215  95   0   0   0   0   0   0
255 255 255 255 255 255 255 255 255 255 199  32   0   0   0   0
255 255 255 255 255 255 255 255 255 255 255 255 223  56   0   0
255 255 255 255 255 255 255 255 255 255 255 255 255 255 159  40

 63   0   0   0   0   0   0   0   0   0   0   0   0   0   0  71
179   0   0   0   0   0   0   0   0   0   0   0   0   0   0 194
249  47   0   0   0   0   0   0   0   0   0   0   0   0  50 250
255 195   2   0   0   0   0   0   0   0   0   0   0   5 217 255
255 249  37   0   0   0   0   0   0   0   0   0   0  58 252 255
255 255 205   1   0   0   0   0   0   0   0   0   0 208 255 255
255 255 255  59   0   0   0   0   0   0   0   0  77 255 255 255
255 255 255 198   0   0   0   0   0   0   0   0 204 255 255 255
255 255 255 255  56   0   0   0   0   0   0  62 255 255 255 255
255 255 255 255 183   0   0   0   0   0   0 200 255 255 255 255
255 255 255 255 254  51   0   0   0   0  55 254 255 255 255 255
255 255 255 255 255 200   2   0   0   6 221 255 255 255 255 255
255 255 255 255 255 250  43   0   0  64 253 255 255 255 255 255
255 255 255 255 255 255 210   5   6 212 255 255 255 255 255 255
255 255 255 255 255 255 255  64  80 255 255 255 255 255 255 255
255 255 255 255 255 255 255 189 197 255 255 255 255 255 255 255
 63   0   0   0   0   0   0   0   0   0   0   0   0   0   0  71
179   0   0   0   0   0   0   0   0   0   0   0   0   0   0 194
249  47   0   0   0   0   0   0   0   0   0   0   0   0  50 250
255 195   2   0   0   0   0   0   0   0   0   0   0   5 217 255
255 249  37   0   0   0   0   0   0   0   0   0   0  58 252 255
255 255 205   1   0   0   0   0   0   0   0   0   0 208 255 255
255 255 255  59   0   0   0   0   0   0   0   0  77 255 255 255
255 255 255 198   0   0   0   0   0   0   0   0 204 255 255 255
255 255 255 255  56   0   0   0   0   0   0  62 255 255 255 255
255 255 255 255 183   0   0   0   0   0   0 200 255 255 255 255
255 255 255 255 254  51   0   0   0   0  55 254 255 255 255 255
255 255 255 255 255 200   2   0   0   6 221 255 255 255 255 255
255 255 255 255 255 250  43   0   0  64 253 255 255 255 255 255
255 255 255 255 255 255 210   5   6 212 255 255 255 255 255 255
255 255 255 255 255 255 255  64  80 255 255 255 255 255 255 255
255 255 255 255 255 255 255 189 197 255 255 255 255 255 255 255
 63   0   0   0   0   0   0   0   0   0   0   0   0   0   0  71
179   0   0   0   0   0   0   0   0   0   0   0   0   0   0 194
249  47   0   0   0   0   0   0   0   0   0   0   0   0  50 250
255 195   2   0   0   0   0   0   0   0   0   0   0   5 217 255
255 249  37   0   0   0   0   0   0   0   0   0   0  58 252 255
255 255 205   1   0   0   0   0   0   0   0   0   0 208 255 255
255 255 255  59   0   0   0   0   0   0   0   0  77 255 255 255
255 255 255 198   0   0   0   0   0   0   0   0 204 255 255 255
255 255 255 255  56   0   0   0   0   0   0  62 255 255 255 255
255 255 255 255 183   0   0   0   0   0   0 200 255 255 255 255
255 255 255 255 254  51   0   0   0   0  55 254 255 255 255 255
255 255 255 255 255 200   2   0   0   6 221 255 255 255 255 255
255 255 255 255 255 250  43   0   0  64 253 255 255 255 255 255
255 255 255 255 255 255 210   5   6 212 255 255 255 255 255 255
255 255 255 255 255 255 255  64  80 255 255 255 255 255 255 255
255 255 255 255 255 255 255 189 197 255 255 255 255 255 255 255

 71 194 250 255 255 255 255 255 255 255 255 255 255 255 255 255
  0   0  50 217 252 255 255 255 255 255 255 255 255 255 255 255
  0   0   0   5  58 208 255 255 255 255 255 255 255 255 255 255
  0   0   0   0   0   0  77 204 255 255 255 255 255 255 255 255
  0   0   0   0   0   0   0   0  62 200 254 255 255 255 255 255
  0   0   0   0   0   0   0   0   0   0  55 221 253 255 255 255
  0   0   0   0   0   0   0   0   0   0   0   6  64 212 255 255
  0   0   0   0   0   0   0   0   0   0   0   0   0   6  80 197
  0   0   0   0   0   0   0   0   0   0   0   0   0   5  64 189
  0   0   0   0   0   0   0   0   0   0   0   2  43 210 255 255
  0   0   0   0   0   0   0   0   0   0  51 200 250 255 255 255
  0   0   0   0   0   0   0   0  56 183 254 255 255 255 255 255
  0   0   0   0   0   1  59 198 255 255 255 255 255 255 255 255
  0   0   0   2  37 205 255 255 255 255 255 255 255 255 255 255
  0   0  47 195 249 255 255 255 255 255 255 255 255 255 255 255
 63 179 249 255 255 255 255 255 255 255 255 255 255 255 255 255
 71 194 250 255 255 255 255 255 255 255 255 255 255 255 255 255
  0   0  50 217 252 255 255 255 255 255 255 255 255 255 255 255
  0   0   0   5  58 208 255 255 255 255 255 255 255 255 255 255
  0   0   0   0   0   0  77 204 255 255 255 255 255 255 255 255
  0   0   0   0   0   0   0   0  62 200 254 255 255 255 255 255
  0   0   0   0   0   0   0   0   0   0  55 221 253 255 255 255
  0   0   0   0   0   0   0   0   0   0   0   6  64 212 255 255
  0   0   0   0   0   0   0   0   0   0   0   0   0   6  80 197
  0   0   0   0   0   0   0   0   0   0   0   0   0   5  64 189
  0   0   0   0   0   0   0   0   0   0   0   2  43 210 255 255
  0   0   0   0   0   0   0   0   0   0  51 200 250 255 255 255
  0   0   0   0   0   0   0   0  56 183 254 255 255 255 255 255
  0   0   0   0   0   1  59 198 255 255 255 255 255 255 255 255
  0   0   0   2  37 205 255 255 255 255 255 255 255 255 255 255
  0   0  47 195 249 255 255 255 255 255 255 255 255 255 255 255
 63 179 249 255 255 255 255 255 255 255 255 255 255 255 255 255
 71 194 250 255 255 255 255 255 255 255 255 255 255 255 255 255
  0   0  50 217 252 255 255 255 255 255 255 255 255 255 255 255
  0   0   0   5  58 208 255 255 255 255 255 255 255 255 255 255
  0   0   0   0   0   0  77 204 255 255 255 255 255 255 255 255
  0   0   0   0   0   0   0   0  62 200 254 255 255 255 255 255
  0   0   0   0   0   0   0   0   0   0  55 221 253 255 255 255
  0   0   0   0   0   0   0   0   0   0   0   6  64 212 255 255
  0   0   0   0   0   0   0   0   0   0   0   0   0   6  80 197
  0   0   0   0   0   0   0   0   0   0   0   0   0   5  64 189
  0   0   0   0   0   0   0   0   0   0   0   2  43 210 255 255
  0   0   0   0   0   0   0   0   0   0  51 200 250 255 255 255
  0   0   0   0   0   0   0   0  56 183 254 255 255 255 255 255
  0   0   0   0   0   1  59 198 255 255 255 255 255 255 255 255
  0   0   0   2  37 205 255 255 255 255 255 255 255 255 255 255
  0   0  47 195 249 255 255 255 255 255 255 255 255 255 255 255
 63 179 249 255 255 255 255 255 255 255 255 255 255 255 255 255
